34.83424064788371,25.988215092111048,19.744766007286234,16.51035786473741,14.153631821577754,13.157352447239605,12.398623992552519,
47.50169685211629,35.28131615788895,28.056015242713766,24.39979838526259,21.385430678422246,20.369991302760397,19.92950100744748,

12.627366288766684,12.049153505477971,11.439737791089353,11.40416421335275,10.561714427911147,10.49734398949284,10.474958477872514,
17.521071211233316,17.07975274452203,16.689168458910647,17.24427328664725,17.20000432208885,17.99484351050716,18.794572772127488,

183.17987612617412,178.72655952526327,175.3791521680303,172.61793930452635,170.9024654114807,169.26673120792486,167.72853609881673,
196.18340512382588,193.22265922473673,189.8708478319697,188.06174819547365,185.8475345885193,184.37780004207514,183.31052640118327,

173.51419168069324,179.39450826360692,182.39852162252024,185.93782894393593,186.48206441691937,188.29106851100101,188.54153751183202,
192.99752706930676,197.02736673639308,198.73038462747976,199.35123355606407,199.64293558308063,199.32611898899899,199.48580623816798,

