12.379147564398842,12.289956153636357,11.114405002026956,11.03797331983261,11.220888640512594,11.140244373933895,12.161738902142499,
19.734133685601158,19.280356346363643,18.948094997973044,19.23546418016739,20.200986359487406,20.098036876066104,20.5804485978575,

12.057455798149842,12.019961669636158,10.914568932247143,10.90426195163024,11.271550115185804,11.475598577583627,12.844448001347725,
20.399575451850158,20.03472583036384,19.616681067752857,20.25198804836976,21.482356134814196,21.778307672416375,22.632114498652275,

156.55391687817996,156.06216444822655,156.68869373654758,155.9791814462628,155.2546983076754,153.95305736694564,152.88828510655244,
168.17264562182004,168.53939805177345,168.28005626345242,167.6380060537372,167.3195204423246,165.78913013305436,164.55312114344756,

195.14820112258445,194.58273200760985,194.5778565475261,194.49170184968403,193.58039442959054,194.31598724229264,194.58760079868756,
199.97679887741555,200.03054924239015,200.0354247024739,200.01220440031597,200.02507432040946,199.84416900770736,200.05302420131244,

